2.81888342 4.91325760
-1.66476142 1.28228724
-1.06565559 1.11720335
-0.99448621 0.39866507
-0.28144938 0.33649275
-0.24947146 0.24647979
-0.26078182 0.23689604
-0.14077079 0.21494640
-0.19164681 0.14299496
-0.12448837 0.12977839
-0.11033440 0.09786162
-0.12299768 0.09131458
-0.08404844 0.10936240
-0.10030222 0.08563057
-0.08325282 0.06879154
-0.07786117 0.08140859
-0.07883876 0.06071742
-0.08256117 0.07121737
-0.06736322 0.06622460
-0.07744025 0.04724309
-0.07796583 0.06041248
-0.06539849 0.03901802
-0.04219020 0.08062844
-0.04627858 0.04758020
-0.03575663 0.03581439
-0.05059567 0.04228418
-0.03284229 0.02875099
-0.03919175 0.03321750
-0.04196119 0.03219123
-0.03145503 0.02384064
-0.03926449 0.03445631
-0.03360894 0.03322846
-0.02922491 0.03027517
-0.03406516 0.02872398
-0.02637217 0.03584126
-0.03314412 0.02345385
-0.02303574 0.03361894
-0.03457492 0.02881058
-0.03052115 0.02270235
-0.01912293 0.02019490
-0.02397703 0.02506659
-0.02187787 0.02235418
-0.01970629 0.01840494
-0.02801157 0.01858966
-0.02218425 0.01799141
-0.02925024 0.01848925
-0.01613302 0.02250797
-0.02575799 0.01574120
-0.01917581 0.01810239
-0.01829685 0.01558571
-0.01874889 0.01901046
-0.01658929 0.01515376
-0.01880136 0.01944209
-0.01811300 0.01515792
-0.01476058 0.01682094
-0.01805718 0.01284773
-0.01754005 0.01450886
-0.01376138 0.01513470
-0.01645128 0.01533636
-0.01087848 0.01466437
-0.01366589 0.01119525
-0.01529023 0.01489299
-0.01270156 0.01290013
-0.01386776 0.01118369
-0.01294675 0.01444955
-0.01249051 0.01476779
-0.01079542 0.01356019
-0.01616690 0.01309193
-0.01071767 0.01299327
-0.01349997 0.01379932
-0.01174483 0.00917345
-0.01044522 0.00875220
-0.01044494 0.01229436
-0.01426703 0.00970350
-0.00719642 0.01936508
